0 1 2 3 5 6 8 9 10 11 13 14 16 20 21 22 24 25 26 28 32 34 38 39 40 47 48 49 50 53 54 55 56 57 58 59 60 61 62 63 70 71 72 73 74 75 76 77 78 79 80 81 82 83 84 85 86 87 88 89 90 91 92 93 94 96 97 98 102 103 104 126 127 131 132 133 134 135 136 140 141 142 152 153 154 156 163 164 165 167 168 170 171 172 183 192 195
4 7 12 15 17 18 19 23 27 30 31 33 35 36 37 41 42 43 44 45 99 100 101 124 125 138 139 143 144 148 149 157 166 177 193
51 66 67 68 69 106 107 108 109 110 111 112 113 114 115 116 117 118 119 120 121 122 123 128 185 194
29 46 52 105 129 151 161 162 198
181 182
199
173
187
159
180
155
188
145
169
130
189
179
178
191
196
158
95
197
175
184
64
150
186
137
146
160
176
200
201
147
190
174
65
